name: finproenv
channels:
  - conda-forge
  - defaults
dependencies:
  - brotli-python=1.1.0=py38hd3f51b4_1
  - ca-certificates=2024.8.30=h56e8100_0
  - certifi=2024.8.30=pyhd8ed1ab_0
  - cffi=1.17.0=py38h4cb3324_0
  - charset-normalizer=3.3.2=pyhd8ed1ab_0
  - h2=4.1.0=pyhd8ed1ab_0
  - hpack=4.0.0=pyh9f0ad1d_0
  - hyperframe=6.0.1=pyhd8ed1ab_0
  - idna=3.10=pyhd8ed1ab_0
  - intel-openmp=2024.2.1=h57928b3_1083
  - joblib=1.4.2=pyhd8ed1ab_0
  - libblas=3.9.0=23_win64_mkl
  - libcblas=3.9.0=23_win64_mkl
  - libffi=3.4.4=hd77b12b_1
  - libhwloc=2.11.1=default_h8125262_1000
  - libiconv=1.17=hcfcfb64_2
  - liblapack=3.9.0=23_win64_mkl
  - libxml2=2.12.7=h0f24e4e_4
  - libzlib=1.3.1=h2466b09_1
  - m2w64-gcc-libgfortran=5.3.0=6
  - m2w64-gcc-libs=5.3.0=7
  - m2w64-gcc-libs-core=5.3.0=7
  - m2w64-gmp=6.1.0=2
  - m2w64-libwinpthread-git=5.0.0.4634.697f757=2
  - mkl=2024.1.0=h66d3029_694
  - msys2-conda-epoch=20160418=1
  - numpy=1.24.4=py38h1d91fd2_0
  - openssl=3.3.2=h2466b09_0
  - packaging=24.1=pyhd8ed1ab_0
  - pip=24.2=py38haa95532_0
  - platformdirs=4.3.3=pyhd8ed1ab_0
  - pooch=1.8.2=pyhd8ed1ab_0
  - pthreads-win32=2.9.1=hfa6e2cd_3
  - pycparser=2.22=pyhd8ed1ab_0
  - pysocks=1.7.1=pyh0701188_6
  - python=3.8.19=h1aa4202_0
  - python_abi=3.8=2_cp38
  - requests=2.32.3=pyhd8ed1ab_0
  - scikit-surprise=1.1.4=py38haf47d59_1
  - setuptools=72.1.0=py38haa95532_0
  - sqlite=3.45.3=h2bbff1b_0
  - tbb=2021.13.0=hc790b64_0
  - ucrt=10.0.22621.0=h57928b3_0
  - urllib3=2.2.3=pyhd8ed1ab_0
  - vc=14.40=h2eaa2aa_1
  - vc14_runtime=14.40.33810=ha82c5b3_21
  - vs2015_runtime=14.40.33810=h3bf8584_21
  - wheel=0.44.0=py38haa95532_0
  - win_inet_pton=1.1.0=pyhd8ed1ab_6
  - zstandard=0.23.0=py38hf92978b_0
  - zstd=1.5.6=h0ea2cb4_0
  - pip:
      - altair==5.4.1
      - attrs==24.2.0
      - blinker==1.8.2
      - cachetools==5.5.0
      - click==8.1.7
      - gitdb==4.0.11
      - gitpython==3.1.43
      - importlib-resources==6.4.5
      - jinja2==3.1.4
      - jsonschema==4.23.0
      - jsonschema-specifications==2023.12.1
      - markdown-it-py==3.0.0
      - markupsafe==2.1.5
      - mdurl==0.1.2
      - narwhals==1.8.1
      - pandas==2.0.3
      - pillow==10.4.0
      - pkgutil-resolve-name==1.3.10
      - protobuf==5.28.1
      - pyarrow==17.0.0
      - pydeck==0.9.1
      - pygments==2.18.0
      - python-dateutil==2.9.0.post0
      - pytz==2024.2
      - referencing==0.35.1
      - rich==13.8.1
      - rpds-py==0.20.0
      - scikit-learn==1.3.2
      - scipy==1.10.1
      - six==1.16.0
      - smmap==5.0.1
      - streamlit==1.38.0
      - tenacity==8.5.0
      - threadpoolctl==3.5.0
      - tornado==6.4.1
      - typing-extensions==4.12.2
      - tzdata==2024.1
      - watchdog==4.0.2
      - zipp==3.20.2
prefix: D:\anaconda3\envs\finproenv
